0.002775907516479492
0.010132551193237305
0.0443878173828125
7.3909759521484375e-06
0.004317283630371094
6.9141387939453125e-06
0.08978676795959473
0.045459747314453125
0.003093242645263672
1.1205673217773438e-05
0.005840778350830078
4.482269287109375e-05
0.04182720184326172
0.03597545623779297
0.006703853607177734
1.0967254638671875e-05
0.0014858245849609375
0.008264303207397461
0.052248477935791016
8.58306884765625e-06
0.0591435432434082
7.3909759521484375e-06
0.004563093185424805
1.0967254638671875e-05
0.04567527770996094
0.04285287857055664
0.011375665664672852
8.106231689453125e-06
0.005061626434326172
1.1205673217773438e-05
0.07480549812316895
0.07671546936035156
0.05384230613708496
0.05325150489807129
0.0028154850006103516
1.049041748046875e-05
0.0019376277923583984
1.5020370483398438e-05
0.10857772827148438
1.2159347534179688e-05
0.002385854721069336
8.344650268554688e-06
0.11023640632629395
0.06338930130004883
0.03799128532409668
8.106231689453125e-06
0.04539036750793457
0.04249119758605957
0.042702674865722656
0.05247950553894043
0.007647514343261719
1.0251998901367188e-05
0.09003257751464844
0.04974842071533203
0.027057170867919922
0.007029056549072266
0.16246747970581055
1.4781951904296875e-05
0.0019106864929199219
0.002665996551513672
0.047135353088378906
5.4836273193359375e-06
0.08610725402832031
8.106231689453125e-06
1.6689300537109375e-05
0.005055427551269531
0.004351615905761719
0.0011701583862304688
0.01035308837890625
0.0012655258178710938
0.04278135299682617
0.04706883430480957
0.06380629539489746
1.0967254638671875e-05
0.0004870891571044922
5.4836273193359375e-06
0.005373954772949219
1.8358230590820312e-05
0.028610944747924805
0.005419731140136719
8.58306884765625e-06
8.344650268554688e-06
0.0007805824279785156
1.621246337890625e-05
0.04235076904296875
0.04451417922973633
0.05566740036010742
0.04504656791687012
0.0376737117767334
1.0967254638671875e-05
0.0016102790832519531
1.1920928955078125e-05
0.06960654258728027
1.0013580322265625e-05
0.0014410018920898438
0.004925251007080078
7.62939453125e-06
9.059906005859375e-06
0.0007531642913818359
1.5020370483398438e-05
