0.002198934555053711
8.106231689453125e-06
0.0016057491302490234
9.5367431640625e-06
0.05644845962524414
0.04633975028991699
0.000762939453125
8.344650268554688e-06
0.009076833724975586
0.0026764869689941406
0.020201921463012695
1.9311904907226562e-05
0.0035974979400634766
1.0013580322265625e-05
0.0012240409851074219
7.3909759521484375e-06
0.03028559684753418
8.344650268554688e-06
0.04466676712036133
0.04693722724914551
0.0002505779266357422
0.003696441650390625
0.04156970977783203
0.04768061637878418
0.09987068176269531
2.2172927856445312e-05
0.04137849807739258
0.04698967933654785
0.04595017433166504
0.05497002601623535
0.056142568588256836
0.05290818214416504
0.04097557067871094
0.04575943946838379
0.10155606269836426
1.1920928955078125e-05
0.0004215240478515625
0.00031757354736328125
0.0077817440032958984
3.075599670410156e-05
0.0020194053649902344
7.3909759521484375e-06
0.07304644584655762
0.051581382751464844
0.04317498207092285
9.775161743164062e-06
0.0019445419311523438
1.4066696166992188e-05
0.0008273124694824219
1.2159347534179688e-05
0.0436854362487793
0.043050289154052734
0.0028841495513916016
5.7220458984375e-06
0.08463120460510254
0.04713916778564453
0.0029218196868896484
2.1696090698242188e-05
0.08118724822998047
1.4066696166992188e-05
0.0017971992492675781
8.58306884765625e-06
0.00011610984802246094
6.67572021484375e-06
0.09816527366638184
8.106231689453125e-06
0.005136013031005859
1.239776611328125e-05
0.04300045967102051
0.04841303825378418
0.002373218536376953
1.5735626220703125e-05
0.0019598007202148438
6.9141387939453125e-06
0.043364524841308594
1.2636184692382812e-05
0.09126734733581543
1.0013580322265625e-05
0.04281282424926758
0.052030086517333984
0.017499685287475586
2.2172927856445312e-05
0.06339859962463379
2.7179718017578125e-05
0.053702592849731445
0.04336667060852051
0.0018799304962158203
8.58306884765625e-06
0.046106815338134766
0.04230380058288574
0.019051551818847656
9.059906005859375e-06
0.11330842971801758
0.005178689956665039
0.0009310245513916016
6.9141387939453125e-06
0.0954446792602539
0.05327486991882324
0.009512186050415039
9.298324584960938e-06
0.0029120445251464844
0.0036344528198242188
0.09587335586547852
9.298324584960938e-06
0.05741429328918457
0.0459139347076416
0.0026831626892089844
1.049041748046875e-05
0.04186248779296875
0.04738783836364746
0.09016013145446777
9.775161743164062e-06
0.00457000732421875
0.00036334991455078125
1.8358230590820312e-05
0.0035152435302734375
0.007021188735961914
8.821487426757812e-06
0.04383969306945801
0.05025434494018555
0.07082962989807129
0.0446467399597168
0.0011188983917236328
0.0008733272552490234
0.011893749237060547
0.008494853973388672
0.05696225166320801
9.775161743164062e-06
0.0023300647735595703
1.8596649169921875e-05
0.007048606872558594
4.1484832763671875e-05
0.06813287734985352
8.821487426757812e-06
0.030321359634399414
8.821487426757812e-06
0.045693397521972656
1.2636184692382812e-05
0.043211936950683594
0.04848146438598633
0.002744913101196289
9.775161743164062e-06
0.06232023239135742
0.04858064651489258
0.007121086120605469
1.3113021850585938e-05
0.024677038192749023
8.106231689453125e-06
0.0020482540130615234
1.4543533325195312e-05
0.048918962478637695
0.04391312599182129
0.019924640655517578
9.5367431640625e-06
0.0007240772247314453
8.106231689453125e-06
0.00425410270690918
1.0251998901367188e-05
0.01680898666381836
7.152557373046875e-06
0.10410165786743164
0.04882478713989258
0.0010528564453125
0.0007069110870361328
0.01592397689819336
0.0007042884826660156
0.04814767837524414
1.1205673217773438e-05
0.042580604553222656
0.04573988914489746
0.04854440689086914
0.04178619384765625
0.048549652099609375
0.051747798919677734
0.004301309585571289
1.3828277587890625e-05
0.0020837783813476562
8.58306884765625e-06
0.07793331146240234
0.04763364791870117
0.009683609008789062
1.9788742065429688e-05
0.08509969711303711
0.006828784942626953
6.198883056640625e-06
1.049041748046875e-05
0.006128787994384766
8.821487426757812e-06
0.0187380313873291
9.775161743164062e-06
0.08148503303527832
9.059906005859375e-06
0.04374265670776367
0.03987431526184082
0.0038671493530273438
3.24249267578125e-05
0.0006051063537597656
5.4836273193359375e-06
0.06093549728393555
0.04497528076171875
0.044621944427490234
0.051048994064331055
0.042768001556396484
0.045789241790771484
0.1249074935913086
7.62939453125e-06
0.011441469192504883
1.52587890625e-05
0.06953120231628418
1.7642974853515625e-05
0.05546236038208008
7.62939453125e-06
0.05785560607910156
1.0251998901367188e-05
0.047426700592041016
0.04646944999694824
0.04362821578979492
0.05011940002441406
0.09902620315551758
1.239776611328125e-05
0.0018992424011230469
9.775161743164062e-06
0.0025534629821777344
0.0008373260498046875
0.04921460151672363
1.0013580322265625e-05
0.002706289291381836
0.046036481857299805
8.106231689453125e-06
7.867813110351562e-06
0.043677568435668945
0.044557809829711914
0.0021975040435791016
6.9141387939453125e-06
0.06736946105957031
0.046761274337768555
0.013103961944580078
7.152557373046875e-06
0.001827239990234375
0.14844417572021484
0.042342424392700195
1.4543533325195312e-05
0.0590205192565918
7.152557373046875e-06
0.0009701251983642578
0.0007352828979492188
0.04360079765319824
0.047553062438964844
0.02218914031982422
0.011871337890625
1.1444091796875e-05
0.017112016677856445
0.0017993450164794922
0.001550912857055664
0.011715888977050781
0.01212000846862793
0.016969919204711914
0.0176088809967041
0.014396905899047852
1.8596649169921875e-05
0.0029535293579101562
1.0967254638671875e-05
0.0008323192596435547
5.9604644775390625e-06
0.003885984420776367
7.3909759521484375e-06
0.0032629966735839844
0.002413034439086914
0.010654687881469727
0.015852928161621094
0.04371905326843262
0.041501522064208984
0.023845434188842773
8.106231689453125e-06
0.0014886856079101562
0.0012097358703613281
0.050888776779174805
0.04214620590209961
0.043949127197265625
0.0475008487701416
0.0523221492767334
0.043221235275268555
0.03612494468688965
3.2901763916015625e-05
0.04387712478637695
0.045934200286865234
0.00020194053649902344
6.67572021484375e-06
0.006189107894897461
9.775161743164062e-06
0.030233144760131836
4.4345855712890625e-05
0.005015373229980469
9.775161743164062e-06
0.012195110321044922
9.298324584960938e-06
0.029951810836791992
1.1682510375976562e-05
0.004836559295654297
7.3909759521484375e-06
0.04209184646606445
0.04327535629272461
0.0009753704071044922
9.5367431640625e-06
0.04275846481323242
8.106231689453125e-06
0.0032410621643066406
6.67572021484375e-06
0.002519369125366211
6.4373016357421875e-06
0.04982352256774902
1.8596649169921875e-05
0.002003192901611328
0.0007550716400146484
0.009679794311523438
9.059906005859375e-06
0.049416303634643555
0.044658660888671875
0.010216712951660156
1.2874603271484375e-05
0.0077362060546875
0.002476215362548828
0.049805641174316406
9.059906005859375e-06
0.04156994819641113
0.044130563735961914
0.001926422119140625
8.821487426757812e-06
0.08528709411621094
9.775161743164062e-06
0.060256004333496094
9.298324584960938e-06
0.09278631210327148
2.09808349609375e-05
0.00260162353515625
0.0009789466857910156
0.03867483139038086
9.298324584960938e-06
0.10020327568054199
8.344650268554688e-06
0.01943802833557129
1.0728836059570312e-05
0.0037207603454589844
0.005300998687744141
0.009928703308105469
0.001558542251586914
0.07855391502380371
0.0023615360260009766
0.04953265190124512
0.0034780502319335938
0.06772875785827637
1.0967254638671875e-05
0.06655168533325195
0.05117630958557129
0.002850770950317383
1.0967254638671875e-05
0.008161544799804688
1.5020370483398438e-05
0.08742237091064453
1.4781951904296875e-05
0.0077250003814697266
1.33514404296875e-05
0.005780696868896484
7.867813110351562e-06
0.05141496658325195
0.04502582550048828
0.0026557445526123047
1.33514404296875e-05
0.002122163772583008
7.867813110351562e-06
0.0004975795745849609
1.7404556274414062e-05
0.002176046371459961
8.344650268554688e-06
0.0442051887512207
0.04740595817565918
0.1124565601348877
6.4373016357421875e-06
0.09387350082397461
1.3828277587890625e-05
0.01152801513671875
1.0251998901367188e-05
0.009132862091064453
6.9141387939453125e-06
0.0021910667419433594
6.67572021484375e-06
0.0027923583984375
9.298324584960938e-06
0.08962154388427734
9.059906005859375e-06
0.001608133316040039
6.67572021484375e-06
0.08169722557067871
8.106231689453125e-06
0.002568960189819336
1.049041748046875e-05
0.012857913970947266
1.4543533325195312e-05
0.08747196197509766
1.7881393432617188e-05
0.0001819133758544922
5.245208740234375e-06
0.042320966720581055
0.04567360877990723
0.0038938522338867188
8.58306884765625e-06
0.0018582344055175781
0.001781463623046875
0.016791820526123047
7.3909759521484375e-06
0.04109621047973633
1.0728836059570312e-05
0.0012524127960205078
6.198883056640625e-06
0.04494881629943848
0.04289817810058594
0.002864837646484375
0.0020906925201416016
0.014848470687866211
1.0728836059570312e-05
0.04454827308654785
0.04869842529296875
0.002898693084716797
1.049041748046875e-05
0.0012536048889160156
7.3909759521484375e-06
0.07222509384155273
7.62939453125e-06
0.0001766681671142578
6.198883056640625e-06
0.0023987293243408203
0.003078937530517578
0.0077054500579833984
0.012412071228027344
0.04773974418640137
1.1205673217773438e-05
0.06330680847167969
0.04735159873962402
0.00017523765563964844
5.9604644775390625e-06
0.04332900047302246
0.04999279975891113
0.002151012420654297
0.0029938220977783203
0.041676998138427734
0.04627585411071777
0.04139232635498047
0.0467839241027832
0.059088945388793945
8.106231689453125e-06
0.04468584060668945
0.04934191703796387
0.002627849578857422
9.5367431640625e-06
0.05954384803771973
0.04334592819213867
0.002459287643432617
1.0013580322265625e-05
0.05370783805847168
0.04395341873168945
0.005814075469970703
1.049041748046875e-05
0.004508495330810547
0.002457857131958008
0.05042099952697754
9.059906005859375e-06
0.05009627342224121
0.04439973831176758
0.004629373550415039
0.0029532909393310547
0.04283952713012695
0.046830177307128906
0.03275704383850098
6.9141387939453125e-06
0.07195878028869629
1.4781951904296875e-05
0.04291248321533203
0.044751882553100586
0.003531217575073242
0.0009853839874267578
0.0438082218170166
0.045604705810546875
0.049774885177612305
0.0422062873840332
0.0006661415100097656
0.0008516311645507812
0.012464761734008789
1.0728836059570312e-05
0.045603275299072266
0.04103374481201172
0.04329085350036621
0.04613828659057617
0.0019288063049316406
6.9141387939453125e-06
0.09717106819152832
9.298324584960938e-06
0.001981496810913086
1.049041748046875e-05
0.007710456848144531
1.1682510375976562e-05
0.0027284622192382812
1.0251998901367188e-05
0.006058216094970703
0.05166316032409668
0.043633222579956055
1.3113021850585938e-05
0.027819156646728516
4.172325134277344e-05
0.00644373893737793
8.58306884765625e-06
0.06627249717712402
0.04705071449279785
0.0012831687927246094
0.0008783340454101562
0.04306507110595703
0.04702281951904297
0.004760026931762695
7.3909759521484375e-06
0.0021207332611083984
0.050391197204589844
0.04214739799499512
1.239776611328125e-05
0.007788896560668945
0.008448123931884766
0.043764591217041016
0.04292654991149902
0.07035946846008301
9.298324584960938e-06
0.005938053131103516
0.09794068336486816
1.8835067749023438e-05
1.33514404296875e-05
0.028728246688842773
6.198883056640625e-06
0.0073108673095703125
4.100799560546875e-05
0.10060620307922363
1.2874603271484375e-05
0.08897280693054199
9.5367431640625e-06
0.04292130470275879
0.04688262939453125
0.04421281814575195
0.050402164459228516
0.048905134201049805
0.041440725326538086
0.0018305778503417969
0.00147247314453125
0.011908769607543945
0.012233495712280273
0.006816387176513672
7.867813110351562e-06
0.05404305458068848
1.049041748046875e-05
0.01055598258972168
1.2159347534179688e-05
0.0801382064819336
0.045378684997558594
0.008447885513305664
0.0017232894897460938
0.018651485443115234
0.020036935806274414
0.002009153366088867
0.0012009143829345703
0.010260343551635742
0.0098114013671875
0.0028409957885742188
1.0251998901367188e-05
0.04135560989379883
0.04660964012145996
0.002015352249145508
1.049041748046875e-05
0.04390120506286621
0.042973995208740234
0.05494570732116699
0.05266404151916504
1.0251998901367188e-05
0.01040029525756836
0.010823965072631836
1.1682510375976562e-05
0.004868984222412109
0.08018374443054199
0.0516970157623291
9.775161743164062e-06
0.04080820083618164
0.037132978439331055
0.04382467269897461
0.04794764518737793
0.005701541900634766
1.4066696166992188e-05
0.019359588623046875
1.0251998901367188e-05
0.0908658504486084
0.0525660514831543
0.00493931770324707
1.5974044799804688e-05
0.0029816627502441406
0.003431081771850586
0.007634162902832031
8.344650268554688e-06
0.009581804275512695
0.010328292846679688
0.03972434997558594
9.775161743164062e-06
0.024171829223632812
7.62939453125e-06
0.040979623794555664
0.046665191650390625
0.003736257553100586
7.867813110351562e-06
0.11788034439086914
0.04557323455810547
0.0038683414459228516
0.0046634674072265625
8.344650268554688e-06
0.0001513957977294922
0.007064104080200195
6.198883056640625e-06
0.0468900203704834
0.044258832931518555
0.0020558834075927734
1.4781951904296875e-05
0.002449512481689453
1.4781951904296875e-05
0.04643511772155762
0.04945731163024902
0.007578849792480469
1.239776611328125e-05
0.07656645774841309
9.5367431640625e-06
0.12203288078308105
7.3909759521484375e-06
0.0016355514526367188
0.0009734630584716797
0.007242679595947266
0.006379365921020508
0.06851840019226074
9.298324584960938e-06
0.010086536407470703
5.9604644775390625e-06
0.013063192367553711
1.5020370483398438e-05
0.00392913818359375
9.298324584960938e-06
0.03726768493652344
6.67572021484375e-06
0.08853530883789062
1.0251998901367188e-05
0.00704646110534668
7.867813110351562e-06
0.06052589416503906
8.821487426757812e-06
0.056403160095214844
1.2636184692382812e-05
0.0035636425018310547
0.008420944213867188
0.00899052619934082
0.014490842819213867
0.018544912338256836
0.030698299407958984
0.05429887771606445
0.04292941093444824
0.007855892181396484
4.029273986816406e-05
0.06377553939819336
1.0013580322265625e-05
0.04105973243713379
8.821487426757812e-06
0.11827373504638672
7.62939453125e-06
0.003549337387084961
0.006137371063232422
0.0035135746002197266
0.00377655029296875
0.0447690486907959
0.04266476631164551
0.06447839736938477
9.5367431640625e-06
0.0013797283172607422
6.9141387939453125e-06
0.0436854362487793
0.04662275314331055
0.005055904388427734
1.5974044799804688e-05
0.017368793487548828
7.152557373046875e-06
0.0007216930389404297
6.9141387939453125e-06
0.042700767517089844
0.0429379940032959
0.0005536079406738281
0.07415366172790527
8.344650268554688e-06
1.6450881958007812e-05
0.006815910339355469
0.00735926628112793
0.035579681396484375
2.3126602172851562e-05
0.11254310607910156
0.04136490821838379
0.002516508102416992
0.0024149417877197266
0.0677042007446289
0.04389357566833496
0.03752779960632324
1.0013580322265625e-05
0.0014185905456542969
9.298324584960938e-06
0.006072521209716797
6.9141387939453125e-06
0.013237476348876953
2.3603439331054688e-05
0.015414237976074219
1.0013580322265625e-05
0.008241415023803711
8.58306884765625e-06
0.10942983627319336
0.009554386138916016
1.0728836059570312e-05
1.5735626220703125e-05
0.0026941299438476562
1.811981201171875e-05
0.05277276039123535
0.04584860801696777
0.03822612762451172
1.0013580322265625e-05
0.0438227653503418
0.045465707778930664
0.049283742904663086
0.0051593780517578125
1.8835067749023438e-05
8.58306884765625e-06
0.0023088455200195312
0.0026786327362060547
0.02584052085876465
8.821487426757812e-06
0.04031968116760254
0.04400277137756348
0.04369997978210449
0.04564690589904785
0.09296178817749023
1.5497207641601562e-05
0.022791624069213867
1.1205673217773438e-05
0.05875992774963379
8.821487426757812e-06
0.05059456825256348
0.04398369789123535
0.04404330253601074
0.04662370681762695
0.0025250911712646484
0.12739157676696777
0.04167366027832031
8.106231689453125e-06
0.01616358757019043
6.4373016357421875e-06
0.001996278762817383
0.0019686222076416016
0.04245591163635254
0.04636096954345703
0.04987215995788574
9.5367431640625e-06
0.0008897781372070312
1.4781951904296875e-05
0.002914905548095703
1.1920928955078125e-05
0.043883323669433594
0.03693866729736328
0.06685471534729004
8.106231689453125e-06
0.08484506607055664
0.04701662063598633
0.0024213790893554688
0.002686023712158203
0.007698774337768555
0.009779930114746094
0.03442502021789551
7.3909759521484375e-06
0.04078555107116699
0.04396629333496094
0.04950213432312012
6.9141387939453125e-06
0.04861116409301758
0.048764705657958984
0.04371023178100586
0.04400348663330078
2.1219253540039062e-05
6.9141387939453125e-06
0.001980304718017578
0.00039315223693847656
0.04434037208557129
0.04216885566711426
0.003526449203491211
1.0728836059570312e-05
0.0034732818603515625
1.0251998901367188e-05
0.008822202682495117
2.4318695068359375e-05
0.05171513557434082
0.041452646255493164
0.0023984909057617188
0.0027277469635009766
0.04966282844543457
8.58306884765625e-06
0.04342484474182129
0.04430532455444336
0.011878490447998047
2.288818359375e-05
0.002780437469482422
8.58306884765625e-06
0.040120840072631836
9.298324584960938e-06
0.003269672393798828
0.001544952392578125
0.011417865753173828
0.011912107467651367
0.060988664627075195
8.58306884765625e-06
0.0013048648834228516
8.344650268554688e-06
0.0020503997802734375
0.0013000965118408203
0.007131814956665039
1.4781951904296875e-05
0.04351329803466797
0.04881548881530762
0.043822288513183594
0.044228315353393555
0.04726982116699219
8.58306884765625e-06
0.032564401626586914
1.811981201171875e-05
0.003014802932739258
5.4836273193359375e-06
0.002684354782104492
0.0015873908996582031
0.0034470558166503906
9.298324584960938e-06
0.006827116012573242
0.007367134094238281
0.017746448516845703
2.6941299438476562e-05
0.053254127502441406
0.0460970401763916
0.0042722225189208984
9.775161743164062e-06
0.003924846649169922
8.821487426757812e-06
0.002333402633666992
7.62939453125e-06
0.01082301139831543
0.007165431976318359
0.043700456619262695
0.0466768741607666
0.049726247787475586
0.043950796127319336
0.04262423515319824
0.0466313362121582
0.008198022842407227
5.245208740234375e-06
0.015765905380249023
1.621246337890625e-05
0.06126809120178223
7.3909759521484375e-06
0.042295217514038086
0.04284048080444336
0.01966547966003418
0.08285212516784668
0.04867887496948242
0.009458303451538086
0.017663240432739258
6.4373016357421875e-06
0.0457310676574707
0.04349040985107422
0.07041764259338379
1.0728836059570312e-05
0.0028383731842041016
0.003699064254760742
0.0427703857421875
0.04680275917053223
0.05101466178894043
0.049958229064941406
0.050928354263305664
9.775161743164062e-06
0.08423876762390137
6.67572021484375e-06
0.10322284698486328
1.4543533325195312e-05
0.0032684803009033203
1.049041748046875e-05
0.04182600975036621
0.036637067794799805
0.0038132667541503906
1.4781951904296875e-05
0.002933979034423828
0.0018100738525390625
0.009797334671020508
1.33514404296875e-05
0.042822837829589844
0.040952205657958984
0.08547520637512207
1.9788742065429688e-05
0.009053707122802734
1.0013580322265625e-05
0.04374527931213379
0.04865717887878418
0.04436802864074707
0.04491448402404785
0.044458866119384766
0.0448455810546875
0.012909173965454102
0.0014986991882324219
0.002520322799682617
6.9141387939453125e-06
0.046501874923706055
0.04734396934509277
0.07187461853027344
9.298324584960938e-06
0.0018858909606933594
0.0011277198791503906
0.05672430992126465
0.04527425765991211
0.0049610137939453125
0.008414506912231445
0.009724855422973633
1.7642974853515625e-05
0.02733612060546875
9.298324584960938e-06
0.04281949996948242
0.04023122787475586
0.006621360778808594
0.002897024154663086
0.03291726112365723
1.239776611328125e-05
0.08555388450622559
0.04718613624572754
0.002360105514526367
9.775161743164062e-06
0.03575730323791504
1.8358230590820312e-05
0.043830156326293945
0.04960823059082031
0.0023555755615234375
0.0015883445739746094
0.03806662559509277
1.2159347534179688e-05
0.04131007194519043
0.04238176345825195
0.050154924392700195
2.1457672119140625e-05
0.0059888362884521484
9.775161743164062e-06
0.0351252555847168
1.0728836059570312e-05
0.002519369125366211
0.0012850761413574219
0.006086111068725586
1.811981201171875e-05
0.0054302215576171875
1.0251998901367188e-05
0.017588138580322266
1.0728836059570312e-05
0.01781773567199707
9.5367431640625e-06
0.004956483840942383
0.005825042724609375
0.04499554634094238
0.04274606704711914
0.04780983924865723
0.04491257667541504
0.0534672737121582
0.04400801658630371
0.04703021049499512
0.04471850395202637
0.11435723304748535
1.1920928955078125e-05
0.045847177505493164
0.043699026107788086
0.007066965103149414
0.008330345153808594
0.013895750045776367
0.015851736068725586
0.0020639896392822266
1.1444091796875e-05
0.04575467109680176
0.04368185997009277
0.006268978118896484
9.298324584960938e-06
0.010459423065185547
1.049041748046875e-05
0.01547098159790039
1.430511474609375e-05
0.0024247169494628906
0.006871700286865234
0.0050847530364990234
0.008304834365844727
0.002096891403198242
8.821487426757812e-06
0.04326176643371582
0.0429532527923584
