10186752
10641408
11124736
11132928
11132928
11132928
11137024
11137024
11137024
11137024
11149312
11149312
11149312
11108352
11108352
11108352
11108352
11108352
11264000
11264000
11264000
11272192
11272192
11276288
11276288
11276288
11276288
11284480
11288576
11288576
11296768
11296768
11296768
11304960
11304960
11304960
11304960
11304960
11304960
11309056
11309056
11309056
11309056
11309056
11309056
11309056
11309056
11313152
11313152
11313152
11313152
11313152
11313152
11313152
11313152
11317248
11321344
11321344
11321344
11321344
11321344
11325440
11325440
11325440
11337728
11337728
11337728
11337728
11337728
11337728
11337728
11345920
11345920
11345920
11345920
11345920
11345920
11350016
11350016
11350016
11350016
11350016
11350016
11350016
11358208
11358208
11358208
11366400
11366400
11366400
11366400
11366400
11374592
11374592
11374592
11374592
11374592
11374592
11378688
11378688
11382784
11382784
11382784
11382784
11382784
11386880
11390976
11390976
11390976
11390976
11390976
11390976
11390976
11390976
11399168
11399168
11399168
11399168
11399168
11407360
11411456
11411456
11411456
11411456
11411456
11415552
11427840
11427840
11427840
11427840
11431936
11431936
11431936
11436032
11436032
11436032
11436032
11440128
11440128
11440128
11444224
11444224
11448320
11448320
11448320
11448320
11452416
11452416
11456512
11456512
11456512
11456512
11456512
11456512
11460608
11460608
11464704
11464704
11468800
11468800
11476992
11718656
11718656
11722752
11722752
11722752
11726848
11726848
11726848
11726848
11730944
11730944
11730944
11730944
11730944
11730944
11730944
11739136
11739136
11739136
11739136
11739136
11739136
11743232
11743232
12009472
12009472
12009472
12009472
12009472
12013568
12013568
12013568
12013568
12013568
12017664
12017664
12021760
12021760
12021760
12025856
12025856
12029952
12038144
12038144
12038144
12042240
12042240
12042240
12042240
12042240
12054528
12058624
12058624
12058624
12058624
12058624
12058624
12058624
12066816
12066816
12066816
12066816
12066816
12070912
12070912
12075008
12075008
12075008
12075008
12075008
12079104
12079104
12079104
12079104
12079104
12079104
12079104
12083200
12083200
12083200
12083200
12091392
12091392
12091392
12091392
12095488
12095488
12095488
12095488
12095488
12095488
12095488
12099584
12099584
12107776
12140544
12140544
12144640
12144640
12148736
12148736
12148736
12148736
12152832
12152832
12152832
12156928
12156928
12156928
12156928
12156928
12156928
12161024
12161024
12161024
12161024
12161024
12161024
12161024
12161024
12165120
12165120
12173312
12173312
12177408
12177408
12181504
12185600
12185600
12185600
12185600
12185600
12185600
12189696
12189696
12193792
12193792
12193792
12193792
12193792
12193792
12193792
12201984
12201984
12201984
12201984
12201984
12210176
12210176
12214272
12214272
12214272
12214272
12214272
12218368
12222464
12222464
12222464
12226560
12226560
12226560
12226560
12226560
12234752
12234752
12234752
12484608
12525568
12525568
12525568
12529664
12529664
12533760
12533760
12537856
12537856
12537856
12537856
12546048
12546048
12550144
12550144
12550144
12554240
12554240
12554240
12554240
12554240
12554240
12558336
12558336
12558336
12558336
12562432
12562432
12562432
12566528
12566528
12570624
12570624
12570624
12570624
12570624
12570624
12582912
12582912
12582912
12582912
12582912
12582912
12591104
12591104
12595200
12595200
12595200
12595200
12595200
12607488
12607488
12607488
12611584
12611584
12611584
12611584
12611584
12615680
12615680
12615680
12615680
12615680
12615680
12623872
12623872
12627968
12627968
12627968
12627968
12632064
12632064
12640256
12640256
12640256
12640256
12640256
12640256
12644352
12644352
12644352
12648448
12652544
12652544
12652544
12656640
12656640
12656640
12656640
12664832
12664832
12664832
12664832
12664832
12673024
12673024
12673024
12673024
12673024
12673024
12681216
12681216
12681216
12685312
12685312
12685312
12685312
12689408
12689408
12689408
12689408
12689408
12689408
12689408
12689408
12701696
12701696
12701696
12701696
12701696
12701696
12705792
12705792
12713984
12718080
12718080
12722176
12722176
12722176
12726272
12726272
12726272
12726272
12709888
12709888
12709888
12709888
12709888
12709888
12709888
12718080
12722176
12722176
12722176
12722176
12722176
12722176
12730368
12730368
12734464
12738560
12738560
12738560
12738560
12738560
12738560
12959744
12959744
12967936
12967936
12967936
12967936
12967936
12967936
12972032
12972032
12976128
12980224
12980224
12980224
12980224
12984320
